0.26676
0.361608
0.6550440000000001
0.8170759999999999
0.905996
0.9119240000000001
0.971204
1.09668
1.133236
1.153984
1.1905400000000002
1.263652
1.285388
1.316016
1.32886
1.3525719999999999
1.425684
1.460264
1.480024
1.5323879999999999
1.5867280000000001
1.6025360000000002
1.62032
1.657864
1.703312
1.746784
1.7675319999999999
1.776424
1.7912439999999998
1.811992
1.81792
1.840644
1.848548
1.8910319999999998
1.895972
1.9038760000000001
1.920672
1.952288
1.969084
1.986868
2.028364
2.0372559999999997
2.042196
2.058004
2.087644
2.098512
2.0995
2.111356
2.127164
2.130128
2.1489
2.15878
2.18842
2.215096
2.219048
2.226952
2.2368319999999997
2.2714119999999998
2.3059920000000003
2.313896
2.334644
2.338596
2.3553919999999997
2.365272
2.383056
2.398864
2.4166480000000004
2.428504
2.4561680000000004
2.4611080000000003
2.472964
2.480868
2.502604
2.5154479999999997
2.522364
2.532244
2.533232
2.5549679999999997
2.569788
2.57868
2.587572
2.614248
2.650804
2.6646360000000002
2.6784679999999996
2.68242
2.686372
2.689336
2.698228
2.70218
2.7051439999999998
2.711072
2.7229279999999996
2.727868
2.733796
2.738736
2.753556
2.765412
2.793076
2.79604
2.80098
2.813824
2.832596
2.844452
2.857296
2.862236
2.877056
2.881008
2.886936
2.901756
2.921516
2.931396
2.933372
2.940288
2.9442399999999997
2.946216
2.955108
2.960048
2.96894
2.979808
2.994628
3.005496
3.017352
3.020316
3.031184
3.034148
3.05292
3.0588480000000002
3.061812
3.070704
3.078608
3.080584
3.1052839999999997
3.111212
3.116152
3.1299840000000003
3.138876
3.1527079999999996
3.1655520000000004
3.172468
3.175432
3.185312
3.195192
3.200132
3.2090240000000003
3.21594
3.2248319999999997
3.24064
3.243604
3.256448
3.276208
3.277196
3.287076
3.2999199999999997
3.302884
3.325608
3.3364759999999998
3.3394399999999997
3.3443799999999997
3.353272
3.360188
3.371056
3.375008
3.377972
3.386864
3.3878519999999996
3.397732
3.39872
3.405636
3.410576
3.416504
3.417492
3.426384
3.430336
3.4402160000000004
3.4491080000000003
3.454048
3.476772
3.485664
3.4886280000000003
3.5034479999999997
3.505424
3.5073999999999996
3.514316
3.519256
3.523208
3.5321000000000002
3.53704
3.540992
3.545932
3.554824
3.560752
3.56668
3.5745839999999998
3.5815
3.584464
3.588416
3.593356
3.597308
3.602248
3.605212
3.609164
3.6180559999999997
3.620032
3.6269479999999996
3.64078
3.644732
3.649672
3.6536239999999998
3.659552
3.668444
3.672396
3.6832640000000003
3.6872160000000003
3.70006
3.707964
3.712904
3.717844
3.721796
3.7297
3.7346399999999997
3.740568
3.7425439999999996
3.748472
3.751436
3.760328
3.766256
3.7741599999999997
3.7820639999999996
3.787004
3.79392
3.799848
3.804788
3.8136799999999997
3.819608
3.826524
3.835416
3.842332
3.846284
3.852212
3.8571519999999997
3.867032
3.873948
3.883828
3.8937079999999997
3.898648
3.899636
3.910504
3.916432
3.9223600000000003
3.935204
3.9411319999999996
3.94706
3.950024
3.9589159999999994
3.96188
3.964844
3.96682
3.9717599999999997
3.9796639999999996
3.9826279999999996
3.9895440000000004
3.99152
4.004364
4.007328
4.013256
4.027088
4.029064
4.039932
4.043884
4.044872000000001
4.0508
4.054752
4.054752
4.0606800000000005
4.067596
4.0755
4.077476
4.084392
4.089332
4.096248
4.104152
4.106128
4.108104
4.116995999999999
4.122924
4.126875999999999
4.12984
4.134779999999999
4.135768
4.1416960000000005
4.15454
4.162444
4.168372000000001
4.171336
4.173312
4.1762760000000005
4.182204
4.187144
4.1881319999999995
4.196035999999999
4.202952
4.206904
4.214808
4.217772
4.221724
4.227652
4.234567999999999
4.245436
4.250375999999999
4.254328
4.258279999999999
4.261244
4.2671719999999995
4.2691479999999995
4.274088
4.277051999999999
4.28298
4.284955999999999
4.285944
4.288908
4.294836
4.30274
4.306692
4.310644000000001
4.31756
4.32744
4.333368
4.338308
4.340284
4.343248
4.3481879999999995
4.3501639999999995
4.354116
4.359056
4.363008000000001
4.369924
4.3788160000000005
4.3807920000000005
4.3847439999999995
4.3906719999999995
4.394624
4.397588
4.402528
4.408455999999999
4.412408
4.418336
4.4213
4.424264
4.43118
4.438096
4.440072
4.442048000000001
4.447976
4.45094
4.4519280000000006
4.454892
4.4618079999999996
4.4657599999999995
4.467736
4.468724
4.473663999999999
4.476628
4.48552
4.486508000000001
4.49046
4.492436
4.493424
4.4963880000000005
4.498364
4.502316
4.504292
4.51022
4.51516
4.522076
4.528992
4.5309680000000006
4.537884
4.541836
4.545788
4.547764
4.553692
4.557644000000001
4.562584
4.572464
4.58432
4.588272
4.5892599999999995
4.593212
4.595187999999999
4.598152
4.602104000000001
4.603092
4.608032
4.6100080000000005
4.6119840000000005
4.619888
4.620876
4.629768
4.640636
4.645576
4.651504
4.65348
4.656444
4.665336
4.671264
4.672252
4.679168
4.680156
4.686084
4.690036
4.693988
4.699916
4.711772
4.713748
4.72264
4.725604000000001
4.72758
4.729556
4.730544
4.7354840000000005
4.73746
4.740424
4.7424
4.746352
4.746352
4.748328
4.750304
4.756232
4.75722
4.763147999999999
4.765124
4.7671
4.771052
4.775992
4.779944
4.785872
4.792788
4.794764
4.80168
4.804644000000001
4.808596
4.809584
4.815512
4.8184759999999995
4.8204519999999995
4.822428
4.824404
4.8263799999999994
4.828355999999999
4.832308
4.839224
4.842188
4.843176
4.847128
4.854044
4.855032
4.85602
4.8609599999999995
4.866888
4.874792
4.879732
4.882696
4.883684
4.8906
4.8975159999999995
4.898504
4.8994919999999995
4.90048
4.906408
4.912336000000001
4.919252
4.921228
4.926168
4.93506
4.939012
4.9439519999999995
4.9439519999999995
4.946916
4.95482
4.956796000000001
4.958772
4.964700000000001
4.96964
4.9745800000000004
4.977544
4.983472
4.9844599999999994
4.990388
4.993352
4.995328
4.996316
5.000268
5.006196
5.007184
5.010148
5.017064
5.020028
5.0210159999999995
5.02398
5.031884
5.032872
5.039788
5.042752
5.044728
5.052632
5.0536200000000004
5.059548
5.060536
5.0635
5.0635
5.067451999999999
5.069428
5.071404
5.072392000000001
5.077332
5.080296000000001
5.081284
5.084248
5.085236
5.089188
5.0941279999999995
5.095116
5.10302
5.106972
5.108948
5.113888
5.120804
5.1247560000000005
5.125744
5.140564
5.14748
5.148468
5.153408
5.15736
5.160324
5.161312000000001
5.162299999999999
5.163288
5.165264
5.168228
5.170204
5.174156
5.176132
5.184036
5.185024
5.186012
5.193916
5.195892000000001
5.197868
5.199844
5.202808
5.2057720000000005
5.207748
5.2117
5.2156519999999995
5.21664
5.2176279999999995
5.218616
5.218616
5.223556
5.227508
5.230472
5.235412
5.240352000000001
5.240352000000001
5.2522079999999995
5.2541839999999995
5.257148
5.2611
5.264064
5.264064
5.267028000000001
5.269991999999999
5.272956
5.273944
5.27592
5.276908
5.2828360000000005
5.2848120000000005
5.286788
5.29074
5.291728
5.293704
5.2966679999999995
5.298644
5.301608
5.30556
5.309512
5.309512
5.318404
5.323344
5.328284
5.330259999999999
5.3332239999999995
5.336188
5.3391519999999995
5.346068
5.348044
5.351008
5.3599
5.360888
5.362864
5.3638520000000005
5.370768
5.371756
5.373732
5.37966
5.381636
5.383611999999999
5.387564
5.39448
5.398432000000001
5.39942
5.403372
5.407324
5.4102879999999995
5.41424
5.416216
5.41918
5.422144
5.425108
5.428071999999999
5.42906
5.431036
5.436964
5.437951999999999
5.44388
5.4488199999999996
5.45376
5.4567239999999995
5.460676
5.462652
5.466604
5.467592
5.469568
5.47352
5.47846
5.480436
5.4834
5.48834
5.48834
5.4913039999999995
5.494268
5.495256
5.500196
5.50316
5.505136
5.507112
5.509087999999999
5.516004
5.516991999999999
5.52292
5.526872
5.5278599999999996
5.534776
5.541692
5.54268
5.54762
5.551571999999999
5.55256
5.554536
5.556512
5.5575
5.561451999999999
5.563428
5.5663920000000005
5.571332
5.5723199999999995
5.576272
5.578247999999999
5.579236
5.581212
5.5822
5.591092
5.595044000000001
5.59702
5.599984
5.6029480000000005
5.604924
5.605912
5.610852
5.610852
5.612828
5.6148039999999995
5.617768
5.619744
5.62666
5.632587999999999
5.63654
5.6395040000000005
5.64148
5.643456
5.648396
5.653336
5.654324
5.6563
5.660252
5.664204
5.666180000000001
5.667167999999999
5.675072
5.67606
5.679024
5.6859399999999996
5.691868
5.691868
5.694832
5.696808
5.698784
5.70076
5.702736
5.71558
5.716568
5.719532
5.719532
5.722496
5.72546
5.729412
5.729412
5.7303999999999995
5.733364
5.739292
5.743244
5.745220000000001
5.749172
5.752136
5.752136
5.756087999999999
5.759052
5.76004
5.7630040000000005
5.7669559999999995
5.768932
5.771896
5.772884
5.772884
5.778812
5.7798
5.781776
5.78474
5.785728
5.786716
5.789680000000001
5.793632
5.795608
5.7975840000000005
5.801536
5.805488
5.807464
5.810428
5.813392
5.81438
5.816356
5.816356
5.818332
5.820308
5.822284
5.825248
5.826236
5.831176
5.833152
5.838092
5.841056
5.843032
5.8459959999999995
5.84896
5.852912
5.853899999999999
5.859828
5.863779999999999
5.865756
5.871683999999999
5.875636
5.8766240000000005
5.880576
5.880576
5.88354
5.8884799999999995
5.889468
5.89342
5.89342
5.896384
5.898359999999999
5.901324
5.905276000000001
5.907252
5.911204
5.914168
5.91812
5.9210840000000005
5.9250359999999995
5.928988
5.933928
5.934915999999999
5.939856
5.940844
5.941832
5.943808
5.943808
5.946772
5.951712
5.9527
5.954676
5.958628
5.964556
5.9694959999999995
5.970484
5.97246
5.974436
5.977399999999999
5.978388
5.980364
5.98234
5.985304
5.988268
5.990244
5.993208
5.998148
6.0001240000000005
6.001112
6.005064
6.00704
6.010992
6.012968
6.015932
6.015932
6.021859999999999
6.024824
6.0268
6.027788
6.033716
6.0366800000000005
6.039644
6.045572
6.049524
6.05644
6.06138
6.062368
6.063356
6.064344
6.067308
6.068296
6.0732360000000005
6.075212
6.0762
6.077188
6.080152
6.08114
6.0831159999999995
6.0850919999999995
6.089044
6.092008
6.092995999999999
6.09596
6.099912000000001
6.102875999999999
6.104852
6.108804
6.109792
6.110779999999999
6.112756
6.113744
6.1176960000000005
6.118683999999999
6.119672
6.12066
6.123624
6.1275759999999995
6.128564
6.128564
6.132516
6.136468
6.139432
6.145359999999999
6.149312
6.1503
6.151288
6.156228
6.158204
6.16018
6.163144
6.168084
6.171048000000001
6.176976
6.17994
6.183892
6.186856
6.187844
6.189819999999999
6.193772
6.193772
6.1967360000000005
6.1997
6.201676
6.2085919999999994
6.211556
6.213532
6.215508000000001
6.21946
6.222424
6.225388
6.227364
6.234279999999999
6.237244
6.238232
6.23922
6.242184
6.2451479999999995
6.253051999999999
6.25404
6.257992
6.261944
6.264908
6.266884
6.26886
6.269848
6.272812
6.2757760000000005
6.276764
6.277752
6.27874
6.2797279999999995
6.28368
6.285656
6.28862
6.29356
6.296524
6.2985
6.301464
6.302452
6.30344
6.307392
6.309368
6.3123320000000005
6.316284
6.3182599999999995
6.320236
6.321224
6.3241879999999995
6.325176
6.3261639999999995
6.329128
6.330116
6.331104000000001
6.334067999999999
6.33802
6.34296
6.344936
6.3469120000000006
6.349875999999999
6.351852
6.353828
6.356792
6.359756
6.359756
6.363708
6.364696
6.365684
6.36766
6.370624
6.371612
6.376551999999999
6.37754
6.378528
6.380504
6.380504
6.388408
6.390384
6.393348
6.393348
6.395324
6.396312
6.399276
6.40224
6.4052039999999995
6.4052039999999995
6.408168
6.411131999999999
6.41212
6.413107999999999
6.41706
6.41706
6.422988
6.4279280000000005
6.428915999999999
6.432868
6.435832
6.4378079999999995
6.438796
6.4417599999999995
6.449663999999999
6.452628
6.455591999999999
6.457567999999999
6.459544
6.46646
6.467448
6.473375999999999
6.479304
6.480292
6.483256
6.4842439999999995
6.4842439999999995
6.48622
6.490172
6.492147999999999
6.493136
6.495112
6.497088
6.498076
6.507956
6.509932
6.511908
6.51586
6.519812
6.521788
6.525740000000001
6.527716
6.53068
6.533644000000001
6.537596
6.538584
6.54056
6.542536
6.544511999999999
6.544511999999999
6.549452
6.5514280000000005
6.552416
6.554392
6.556368
6.5573559999999995
6.558344
6.559332
6.5632839999999995
6.564272
6.566248
6.573163999999999
6.577116
6.583044
6.584032
6.5860080000000005
6.586996
6.590948
6.591936
6.593912
6.596876
6.598852
6.601816
6.603792
6.606756
6.612684
6.616636
6.616636
6.620588
6.623552
6.625528
6.626516
6.627504
6.6304680000000005
6.632444
6.6344199999999995
6.638372
6.638372
6.643312
6.645288
6.648252
6.648252
6.650227999999999
6.651216
6.652203999999999
6.655168
6.658132
6.65912
6.661096
6.663072
6.66406
6.6650480000000005
6.666036
6.6670240000000005
6.668011999999999
6.671964
6.677892
6.679868
6.679868
6.682832
6.684808
6.685796
6.686783999999999
6.689748
6.693700000000001
6.700616
6.700616
6.70358
6.704567999999999
6.7114840000000004
6.7154359999999995
6.716424
6.717412
6.719388
6.720376
6.723339999999999
6.724328
6.731243999999999
6.734208
6.734208
6.738160000000001
6.7431
6.744088
6.750016
6.7519919999999995
6.753968
6.7579199999999995
6.760884
6.766812
6.767799999999999
6.769776
6.773728
6.77768
6.780644000000001
6.781632
6.785584
6.786572
6.789536
6.789536
6.791512
6.795464
6.79744
6.798428
6.800404
6.803368
6.805344
6.808308
6.811272
6.815224
6.815224
6.817200000000001
6.82214
6.824116
6.8251040000000005
6.826092
6.8310319999999995
6.83202
6.83202
6.834984
6.837948
6.839924
6.842888
6.844864
6.85178
6.85672
6.858696
6.8616600000000005
6.862648
6.864624
6.868576
6.8695640000000004
6.87154
6.874504
6.874504
6.8754919999999995
6.877468
6.879444
6.881419999999999
6.882408
6.882408
6.884384
6.885372
6.888336000000001
6.889324
6.892288
6.893276
6.898216000000001
6.899203999999999
6.899203999999999
6.900192
6.9061200000000005
6.908096
6.9100719999999995
6.914024
6.919951999999999
6.921928
6.923904
6.925879999999999
6.928844
6.93082
6.934772
6.936748
6.937736
6.938724
6.939712
6.9407000000000005
6.942676
6.943663999999999
6.944652
6.94564
6.946628
6.949592
6.9525559999999995
6.9525559999999995
6.953544
6.9545319999999995
6.957496
6.958484
6.962435999999999
6.963424
6.967376
6.974292
6.976268
6.977256000000001
6.979232
6.982196
6.983184
6.9851600000000005
6.987136
6.992076
6.994052
6.996028
6.99998
7.002944
7.004919999999999
7.005908
7.007884
7.011836000000001
7.011836000000001
7.013812
7.016776
7.020728
7.020728
7.025668
7.026656
7.0315959999999995
7.036536
7.041475999999999
7.041475999999999
7.050368
7.056296000000001
7.060248
7.061236
7.0661760000000005
7.067163999999999
7.072104
7.07408
7.077044
7.080996
7.081984
7.084948
7.086924
7.089888
7.090876
7.093839999999999
7.093839999999999
7.096804
7.09878
7.1007560000000005
7.102732
7.102732
7.10372
7.104708
7.107672
7.109648
7.109648
7.1126119999999995
7.1145879999999995
7.115576
7.116564
7.120515999999999
7.12348
7.126444
7.12842
7.130395999999999
7.131384
7.134348
7.136324
7.139288
7.140276
7.146204
7.1471919999999995
7.1491679999999995
7.152132
7.155096
7.157071999999999
7.160036
7.161024
7.166951999999999
7.166951999999999
7.175844
7.178808
7.180784
7.1817720000000005
7.183748
7.1877
7.189676
7.189676
7.1936279999999995
7.194616
7.198568
7.199556
7.201531999999999
7.205484
7.206472
7.208448
7.210424
7.2124
7.214376
7.217339999999999
7.219316
7.2242560000000005
7.2282079999999995
7.231172
7.233148
7.234136
7.2371
7.241052
7.245991999999999
7.24698
7.248956
7.249944
7.252908
7.254884
7.257848
7.2588360000000005
7.259824
7.262788
7.2647639999999996
7.265752
7.26674
7.267728
7.269704
7.2726679999999995
7.273656
7.274644
7.27662
7.278596
7.282548
7.284524
7.288475999999999
7.289464
7.29144
7.294404
7.29638
7.297368
7.302308
7.3032960000000005
7.306259999999999
7.306259999999999
7.3072479999999995
7.310212
7.313176
7.31614
7.317127999999999
7.320092
7.322068
7.324044
7.327008
7.327996
7.33096
7.332935999999999
7.337876
7.34084
7.342816
7.347756
7.349732
7.354672
7.35566
7.357636
7.357636
7.3606
7.362576
7.366528000000001
7.369491999999999
7.372456
7.3744320000000005
7.3764080000000005
7.3764080000000005
7.379372
7.381348
7.3882639999999995
7.3882639999999995
7.389252
7.392216
7.394192
7.396167999999999
7.397156
7.399132
7.40012
7.402096
7.40506
7.407036
7.41
7.411976
7.412964
7.413951999999999
7.4188920000000005
7.421855999999999
7.425808
7.427784
7.4307479999999995
7.431736
7.433712
7.435688
7.438652
7.43964
7.441616
7.443592
7.445568
7.445568
7.448531999999999
7.450508
7.450508
7.452484
7.453472
7.456436
7.458412
7.460388
7.461376
7.463352
7.463352
7.46434
7.465328
7.468292
7.4692799999999995
7.473232
7.47422
7.476196
7.47916
7.481136
7.487064
7.488052
7.492991999999999
7.496944
7.4979320000000005
7.500895999999999
7.502872
7.5038599999999995
7.505836
7.5088
7.510776
7.512752
7.515716
7.517692
7.519667999999999
7.521644
7.524608
7.530536
7.531524
7.5335
7.535476
7.537451999999999
7.53844
7.541404
7.544368
7.545355999999999
7.5463439999999995
7.551284
7.554247999999999
7.5582
7.560176
7.560176
7.561164
7.565116
7.566104
7.567092
7.569068
7.5710440000000006
7.574008
7.576972
7.57796
7.5809239999999996
7.581912
7.5828999999999995
7.585864
7.58784
7.591792
7.591792
7.594756
7.600683999999999
7.603648
7.608587999999999
7.614516
7.614516
7.618468
7.620444
7.621432
7.624396
7.6253839999999995
7.630324
7.631312
7.6323
7.635263999999999
7.638228
7.640204
7.641192
7.642180000000001
7.646132
7.648108
7.65206
7.654036
7.656012
7.658976
7.659964
7.6619399999999995
7.6619399999999995
7.665892
7.66688
7.667868
7.670832
7.671819999999999
7.674784
7.67676
7.679723999999999
7.684664
7.687627999999999
7.688616
7.688616
7.69158
7.692568
7.695532
7.69652
7.698496
7.7004719999999995
7.702448
7.704424
7.705412
7.707388
7.71134
7.715292
7.717268
7.719244
7.721220000000001
7.724183999999999
7.727148
7.728136
7.7291240000000005
7.7311000000000005
7.733076
7.738016
7.739992
7.741968
7.7429559999999995
7.746908
7.747896
7.749872
7.751848
7.7558
7.756788
7.758763999999999
7.761728
7.762716
7.763704
7.766668
7.768644
7.768644
7.771608
7.7735840000000005
7.77556
7.776548
7.782476
7.7854399999999995
7.786428
7.788404
7.789392
7.792356
7.794332
7.798284
7.799272
7.801248
7.803223999999999
7.804212
7.806188
7.8101400000000005
7.813104
7.816068
7.8200199999999995
7.821008
7.8219959999999995
7.822984
7.825948
7.830888
7.831875999999999
7.835828
7.837803999999999
7.837803999999999
7.842744
7.844720000000001
7.845708
7.845708
7.847683999999999
7.850648
7.851636
7.857564
7.8585519999999995
7.860528
7.862504
7.863492
7.8664559999999994
7.8664559999999994
7.868432
7.870408
7.872384
7.875348
7.875348
7.878312
7.882263999999999
7.883252
7.886216
7.886216
7.888192
7.890168
7.893132
7.895108
7.896096
7.898072
7.9010359999999995
7.9030119999999995
7.9049879999999995
7.907952
7.90894
7.909928
7.91388
7.914867999999999
7.917831999999999
7.917831999999999
7.922772
7.92376
7.924748000000001
7.927711999999999
7.9287
7.9316640000000005
7.936603999999999
7.937592
7.9395679999999995
7.941544
7.942532
7.944508
7.9454959999999994
7.946483999999999
7.94846
7.950436000000001
7.951424
7.952412
7.955375999999999
7.956364000000001
7.960316000000001
7.9662440000000005
7.9662440000000005
7.9721720000000005
7.97316
7.975135999999999
7.976124
7.977112
7.981063999999999
7.986004
7.988968
7.99292
7.994896000000001
7.996872
7.99786
7.999835999999999
8.000824000000001
8.002799999999999
8.004776
8.004776
8.011692
8.013668000000001
8.016632000000001
8.01762
8.018608
8.019596
8.019596
8.021571999999999
8.022559999999999
8.025523999999999
8.026512
8.0275
8.029476
8.032440000000001
8.033428
8.034416
8.036392000000001
8.036392000000001
8.039356
8.041331999999999
8.04232
8.043308
8.044296
8.044296
8.052200000000001
8.055164
8.055164
8.057139999999999
8.061092
8.066032
8.066032
8.068008
8.069984
8.072947999999998
8.074924
8.078876
8.078876
8.08184
8.083816
8.086780000000001
8.087768
8.090732
8.092708
8.095672
8.09666
8.1016
8.10654
8.109504
8.109504
8.112468
8.118396
8.121360000000001
8.125312000000001
8.127288
8.129264
8.133216
8.134204
8.13618
8.14112
8.142108
8.144084
8.145071999999999
8.147048
8.150012
8.151988
8.152976
8.154952
8.155940000000001
8.159892000000001
8.159892000000001
8.16088
8.161867999999998
8.163844
8.167796
8.17076
8.172736
8.173724
8.177676
8.179651999999999
8.183603999999999
8.184592
8.186568
8.187556
8.187556
8.191508
8.191508
8.194472000000001
8.196448
8.198424
8.2004
8.204352
8.20534
8.208304
8.208304
8.209292
8.210280000000001
8.210280000000001
8.212256
8.213244000000001
8.214231999999999
8.215219999999999
8.218183999999999
8.22016
8.221148
8.223124
8.226088
8.235968
8.236956
8.23992
8.241896
8.242884
8.244860000000001
8.247824000000001
8.250788
8.252763999999999
8.253751999999999
8.255728
8.256715999999999
8.257704
8.258692
8.261656
8.265608
8.266596000000002
8.267584
8.270548
8.271536
8.2745
8.275488
8.280428
8.282404
8.28438
8.288331999999999
8.290308
8.291295999999999
8.293272
8.297224
8.298212
8.303151999999999
8.304139999999999
8.306116
8.308092
8.313032
8.316984
8.31896
8.319948
8.321924
8.322911999999999
8.324888
8.325876
8.32884
8.329828
8.331804
8.332792
8.334768
8.337732
8.340696
8.341683999999999
8.344648
8.347612
8.3486
8.350576
8.35354
8.354528
8.357491999999999
8.35848
8.359468
8.361443999999999
8.364408
8.367372
8.368360000000001
8.3733
8.3733
8.374288
8.379228
8.380215999999999
8.38318
8.384168
8.386144
8.390096000000002
8.392071999999999
8.394048
8.395036
8.396023999999999
8.398988
8.399976
8.403928
8.404916
8.404916
8.406892000000001
8.409856
8.410843999999999
8.414795999999999
8.416772
8.416772
8.420724
8.421712
8.423688
8.426652
8.427639999999998
8.430603999999999
8.433568
8.434556
8.436532
8.438508
8.441472000000001
8.44246
8.443448
8.4474
8.449375999999999
8.450364
8.455304
8.456292
8.45728
8.458268
8.460244000000001
8.46222
8.466172
8.468148
8.4721
8.474076
8.479016000000001
8.482968
8.484943999999999
8.48692
8.488896
8.490872
8.492848
8.497788
8.500751999999999
8.502728
8.503715999999999
8.505692
8.505692
8.50668
8.507668
8.507668
8.51162
8.513596000000001
8.515571999999999
8.520512
8.522488
8.524464
8.525452
8.526440000000001
8.527428
8.530392
8.534343999999999
8.535331999999999
8.53632
8.537308
8.538295999999999
8.539284
8.540272
8.542248
8.542248
8.545212
8.547188
8.549164000000001
8.554103999999999
8.55608
8.557068
8.559044
8.562008
8.563984
8.564972000000001
8.566948
8.571888
8.573864
8.57584
8.581768
8.582756
8.584732
8.58572
8.59066
8.593624
8.5956
8.598564
8.60054
8.602516000000001
8.604491999999999
8.604491999999999
8.606468
8.607455999999999
8.609432
8.61042
8.611407999999999
8.614372
8.616348
8.619312
8.621288000000002
8.62524
8.627215999999999
8.629192
8.63018
8.632156
8.634132000000001
8.637096000000001
8.642036
8.642036
8.643023999999999
8.645988
8.647964
8.651916
8.652904
8.653892
8.655868
8.657843999999999
8.658831999999999
8.65982
8.661795999999999
8.663772
8.66476
8.665748
8.667724
8.6697
8.670688
8.67464
8.676616
8.677603999999999
8.67958
8.681556
8.68452
8.686496
8.688472
8.690448
8.691436000000001
8.695388
8.697364
8.698352
8.700327999999999
8.702304
8.706256
8.707244000000001
8.708232
8.711196
8.71416
8.717124
8.720088
8.722064
8.723052000000001
8.726016000000001
8.726016000000001
8.729968
8.730955999999999
8.732932
8.73392
8.735896
8.73886
8.740836
8.742812
8.744788000000002
8.746763999999999
8.74874
8.749728
8.751704
8.75368
8.755656
8.75862
8.759608
8.760596000000001
8.762572
8.76356
8.766523999999999
8.7685
8.771464
8.771464
8.775416
8.776404
8.779368
8.780356000000001
8.782331999999998
8.782331999999998
8.78332
8.789248
8.790236
8.792212
8.795176
8.796164000000001
8.797152
8.801103999999999
8.802092
8.804068
8.808019999999999
8.809008
8.813948
8.814936000000001
8.8179
8.819875999999999
8.819875999999999
8.821852
8.821852
8.823827999999999
8.824816
8.828768
8.830744000000001
8.830744000000001
8.831732
8.834696
8.834696
8.836672
8.8426
8.8426
8.844576
8.848528
8.849516000000001
8.851492
8.853468
8.855443999999999
8.858407999999999
8.860384
8.861372
8.86236
8.865324000000001
8.866312
8.8673
8.868288000000002
8.870263999999999
8.87224
8.873228
8.87718
8.880144
8.880144
8.885084
8.88706
8.888048
8.889035999999999
8.892
8.893976
8.894964
8.894964
8.897928
8.900892
8.90188
8.902868
8.904844
8.910772
8.910772
8.912748
8.913736
8.915712
8.9167
8.919664000000001
8.920652
8.920652
8.922628000000001
8.923615999999999
8.923615999999999
8.92658
8.927567999999999
8.930532
8.93646
8.937448
8.940412
8.944364
8.948316
8.949304
8.953256
8.954244000000001
8.954244000000001
8.955232
8.95622
8.960172
8.963135999999999
8.964124
8.966099999999999
8.967088
8.97104
8.974004
8.975980000000002
8.978943999999998
8.982896
8.983884
8.987836
8.9908
8.992776000000001
8.99574
8.996728
8.997715999999999
8.998704
9.00068
9.001668
9.00562
9.007596000000001
9.007596000000001
9.009572
9.01056
9.013523999999999
9.017476
9.018464
9.019452
9.02044
9.024392
9.027356000000001
9.028344
9.029332
9.031308
9.033284
9.03526
9.036248
9.038224
9.0402
9.043164
9.04514
9.047115999999999
9.048103999999999
9.052056
9.054032
9.056996
9.058972
9.060948
9.065888
9.067864
9.071816
9.071816
9.072804
9.073792
9.07478
9.075768
9.077744000000001
9.078732
9.07972
9.082683999999999
9.082683999999999
9.085647999999999
9.087624
9.088612
9.089599999999999
9.091576
9.093552
9.09454
9.097504
9.098492
9.102443999999998
9.10442
9.107384
9.10936
9.1143
9.115288000000001
9.116276000000001
9.117264
9.117264
9.120228
9.121215999999999
9.124179999999999
9.125168
9.128132
9.12912
9.130108
9.135048000000001
9.136035999999999
9.136035999999999
9.140976
9.142952
9.14394
9.144928
9.146904
9.149868
9.151844
9.152832
9.154808
9.155795999999999
9.157772
9.15876
9.160736
9.161724
9.164688
9.164688
9.165676
9.166664
9.166664
9.167652
9.169628000000001
9.172592
9.17358
9.175556
9.176544
9.177532
9.180496
9.18346
9.186424
9.190375999999999
9.191364
9.192352
9.19334
9.195316
9.19828
9.201244
9.202232
9.20322
9.204208000000001
9.207172
9.209147999999999
9.212112
9.212112
9.216064
9.21804
9.219028
9.223968000000001
9.225943999999998
9.228907999999999
9.230884
9.233848
9.233848
9.235824000000001
9.2378
9.238788000000001
9.240764
9.24274
9.246692
9.247679999999999
9.25262
9.256572
9.260523999999998
9.261512
9.263487999999999
9.264476
9.266452
9.268428
9.269416
9.27238
9.273368
9.274356000000001
9.275344
9.277320000000001
9.278307999999999
9.280284
9.281272
9.284236
9.285224
9.286211999999999
9.2872
9.293128000000001
9.294116
9.295104
9.29708
9.298067999999999
9.301032
9.303996
9.304984
9.30696
9.308936000000001
9.309924
9.311900000000001
9.314864
9.31684
9.317827999999999
9.319804
9.32178
9.325732
9.327708000000001
9.328696
9.330672
9.330672
9.33166
9.334624
9.335612
9.339564
9.34154
9.342528
9.346480000000001
9.348455999999999
9.348455999999999
9.35142
9.35636
9.358336
9.359324
9.360312
9.3613
9.362288000000001
9.363276
9.36624
9.368215999999999
9.369204
9.370192
9.372168
9.373156
9.37612
9.382048000000001
9.384023999999998
9.385012
9.391928
9.392916
9.396868
9.397856
9.398844
9.399832
9.401807999999999
9.405759999999999
9.405759999999999
9.407736
9.409711999999999
9.411688
9.414652
9.41564
9.416628000000001
9.418604
9.421567999999999
9.425519999999999
9.429472
9.432436000000001
9.433424
9.435400000000001
9.439352
9.442316
9.443304
9.444291999999999
9.44528
9.446268
9.446268
9.448244
9.45022
9.453184
9.454172000000002
9.456147999999999
9.457135999999998
9.459112
9.460099999999999
9.463064
9.46504
9.467016000000001
9.468004
9.468992
9.471956
9.472943999999998
9.473932
9.47492
9.475907999999999
9.480848
9.483812
9.485788000000001
9.487764
9.491715999999998
9.492704
9.496656
9.497644
9.501596000000001
9.503572
9.503572
9.507524
9.508512
9.512464
9.513452
9.516416
9.51938
9.51938
9.522344
9.523332
9.526295999999999
9.527284
9.530248
9.530248
9.531236
9.531236
9.532224
9.533211999999999
9.5342
9.536176
9.540128000000001
9.542104
9.543092000000001
9.545067999999999
9.549019999999999
9.550996
9.554948
9.558900000000001
9.558900000000001
9.560876
9.563839999999999
9.564827999999999
9.569768
9.574708000000001
9.574708000000001
9.577672000000002
9.580635999999998
9.583599999999999
9.58854
9.589528
9.593480000000001
9.595456
9.595456
9.599407999999999
9.601384
9.607312
9.610276
9.611264
9.613240000000001
9.616204
9.617192
9.618179999999999
9.622132
9.625096000000001
9.626084
9.626084
9.631024
9.635964
9.635964
9.640903999999999
9.641892
9.643868
9.646832
9.647820000000001
9.648808
9.650784
9.654736
9.655724
9.655724
9.656711999999999
9.6577
9.660664
9.661652
9.66264
9.663628000000001
9.664616
9.669556
9.671532
9.674496
9.675483999999999
9.678448
9.681412
9.682400000000001
9.684376
9.684376
9.686352
9.687339999999999
9.688327999999998
9.691291999999999
9.694256
9.695244
9.701172000000001
9.702160000000001
9.703147999999999
9.706112
9.706112
9.708088
9.711052
9.713028
9.715004
9.718956
9.719944
9.723896
9.725871999999999
9.729824
9.7318
9.736740000000001
9.738715999999998
9.740692
9.740692
9.744644
9.745632
9.747608
9.747608
9.749584
9.752548
9.753536
9.755512000000001
9.757487999999999
9.758476
9.759464
9.76144
9.762428
9.764403999999999
9.765392
9.76638
9.768356
9.770332
9.773296
9.774284
9.776259999999999
9.777248
9.7812
9.7812
9.78614
9.788116
9.790092000000001
9.796019999999999
9.797008
9.798983999999999
9.799972
9.80096
9.801948
9.802936
9.804912
9.805900000000001
9.809852
9.812816
9.813804
9.816768
9.818744
9.819732
9.82072
9.822696
9.823684
9.825660000000001
9.827635999999998
9.828624
9.830599999999999
9.833563999999999
9.83554
9.837516
9.840480000000001
9.842456
9.845419999999999
9.847396
9.849371999999999
9.85036
9.851348
9.853324
9.854312
9.857276
9.858264
9.860240000000001
9.862216
9.863204
9.864192
9.866168
9.868144
9.87012
9.871108
9.873084
9.877036
9.879012000000001
9.879999999999999
9.882964
9.886916
9.88988
9.893832
9.894820000000001
9.897784
9.898772
9.899759999999999
9.899759999999999
9.905688
9.906676
9.908652
9.911616
9.913592000000001
9.918531999999999
9.919519999999999
9.921496
9.923472
9.925448
9.929400000000001
9.931376
9.933352
9.935327999999998
9.940268
9.946196
9.947184
9.948172000000001
9.949160000000001
9.949160000000001
9.951135999999998
9.951135999999998
9.954099999999999
9.957063999999999
9.95904
9.962004
9.962004
9.964968
9.967932000000001
9.967932000000001
9.970896
9.972871999999999
9.97386
9.975836
9.976824
9.977812
9.980776
9.980776
9.981764
9.984728
9.987692
9.989668
9.99362
9.994608
9.996584
10.000536
10.001524
10.001524
10.002512000000001
10.004487999999998
10.005476
10.00844
10.009428
10.012392
10.014368
10.016344
10.016344
10.018320000000001
10.019308
10.020296
10.021284000000001
10.022272
10.024248
10.027211999999999
10.0282
10.031164
10.032152
10.035116
10.036104
10.03808
10.039068
10.041044
10.04796
10.051912
10.054876
10.057839999999999
10.060804
10.06278
10.064756
10.065744
10.066732
10.068708
10.070684
10.070684
10.07266
10.073648
10.076611999999999
10.077599999999999
10.078588
10.085504
10.086492
10.088468
10.089456
10.091432000000001
10.094396
10.095384
10.1023
10.103288000000001
10.106252
10.107240000000001
10.107240000000001
10.110204000000001
10.111191999999999
10.115143999999999
10.118108
10.119096
10.121072
10.124036
10.125024
10.129964
10.129964
10.13194
10.132928
10.13688
10.139844
10.141820000000001
10.143796
10.144784000000001
10.147748
10.148736
10.150711999999999
10.152688
10.152688
10.154664
10.159604
10.16158
10.163556
10.165531999999999
10.167508
10.17146
10.173436
10.174424
10.175412
10.179364000000001
10.181339999999999
10.183316
10.184304
10.187268
10.188255999999999
10.190232
10.194184
10.197148
10.201099999999999
10.202088
10.203076
10.205052
10.209992
10.210980000000001
10.212956
10.213944
10.21592
10.216907999999998
10.217896
10.218884
10.22086
10.222836
10.223824
10.226788
10.228764
10.229752
10.23074
10.231728
10.233704000000001
10.233704000000001
10.235679999999999
10.236668
10.238643999999999
10.239632
10.243584
10.247536
10.251488
10.252476
10.254451999999999
10.26038
10.261368
10.266308
10.269272
10.269272
10.272236
10.276188
10.277175999999999
10.278164
10.281128
10.282116
10.283104
10.28508
10.28508
10.290019999999998
10.292983999999999
10.296936
10.299900000000001
10.299900000000001
10.300888
10.301876
10.303852000000001
10.30484
10.308791999999999
10.30978
10.311755999999999
10.311755999999999
10.313732
10.31472
10.316696
10.317684
10.318672000000001
10.321636
10.323611999999999
10.324599999999998
10.327563999999999
10.328552
10.333492
10.334480000000001
10.334480000000001
10.340408
10.341396
10.342384
10.343371999999999
10.345348
10.345348
10.347324
10.350288
10.35424
10.35424
10.356216
10.358192
10.360168
10.360168
10.363132
10.36412
10.366096
10.372024
10.374
10.375976000000001
10.377951999999999
10.379928
10.380916
10.382892
10.385856
10.38882
10.389808
10.390796
10.391784000000001
10.394748
10.395736
10.3987
10.401664
10.40364
10.405616
10.410556000000001
10.410556000000001
10.412531999999999
10.417472
10.41846
10.421424
10.4234
10.425376
10.425376
10.426364000000001
10.43328
10.435255999999999
10.436244
10.441184
10.444148
10.447112
10.448099999999998
10.451063999999999
10.451063999999999
10.456004
10.456992
10.457980000000001
10.457980000000001
10.461932000000001
10.46292
10.463908
10.465883999999999
10.468848
10.4728
10.478728
10.478728
10.480704000000001
10.484656
10.488608
10.489596
10.490584
10.491572
10.493548
10.495524
10.498488
10.499476000000001
10.500464
10.501451999999999
10.503428
10.505403999999999
10.508367999999999
10.510344
10.510344
10.51232
10.514296
10.51726
10.518248
10.518248
10.519236
10.521211999999998
10.524175999999999
10.526152
10.52714
10.528128
10.531092000000001
10.53208
10.536031999999999
10.538008
10.538996
10.540972
10.542947999999999
10.544924
10.545912
10.547888
10.552828
10.553816
10.557768
10.559744
10.559744
10.559744
10.56172
10.564684
10.565672000000001
10.567648
10.568636
10.568636
10.568636
10.569624000000001
10.572588
10.573576
10.579504
10.582468
10.585432
10.588396000000001
10.589383999999999
10.592348
10.594324
10.5963
10.597288
10.598276
10.600252
10.600252
10.60124
10.603216
10.603216
10.60618
10.607168
10.609143999999999
10.61112
10.613096
10.61606
10.624951999999999
10.627915999999999
10.629892
10.631867999999999
10.632856
10.634832
10.638784000000001
10.639772
10.642736
10.644711999999998
10.65064
10.654592000000001
10.657556000000001
10.661508
10.663483999999999
10.664472
10.66546
10.667436
10.668424
10.668424
10.6704
10.672376
10.67534
10.677316000000001
10.678303999999999
10.681268
10.683244
10.686208
10.688184
10.691148
10.693124000000001
10.698063999999999
10.698063999999999
10.701027999999999
10.702016
10.703992
10.706956
10.707944
10.70992
10.710908
10.711896000000001
10.712884
10.713871999999999
10.715848
10.718812
10.721776
10.721776
10.72474
10.727704000000001
10.728692
10.72968
10.744805967070025
10.75993193414005
10.775057901210076
10.790183868280101
10.805309835350126
10.820435802420151
10.835561769490177
10.850687736560202
10.865813703630227
10.880939670700252
10.896065637770278
10.911191604840303
10.926317571910328
10.941443538980353
10.956569506050378
10.971695473120404
10.986821440190429
11.001947407260454
11.01707337433048
11.032199341400505
11.04732530847053
11.062451275540555
11.07757724261058
11.092703209680606
11.10782917675063
11.122955143820656
11.138081110890681
11.153207077960706
11.168333045030732
11.183459012100757
11.198584979170782
11.213710946240807
11.228836913310833
11.243962880380858
11.259088847450883
11.274214814520908
11.289340781590933
11.304466748660959
11.319592715730984
11.33471868280101
11.349844649871034
11.36497061694106
11.380096584011085
11.39522255108111
11.410348518151135
11.42547448522116
11.440600452291186
11.455726419361211
11.470852386431236
11.485978353501261
11.501104320571287
11.516230287641312
11.531356254711337
11.546482221781362
11.561608188851388
11.576734155921413
11.591860122991438
11.606986090061463
11.622112057131488
11.637238024201514
11.652363991271539
11.667489958341564
11.68261592541159
11.697741892481615
11.71286785955164
11.727993826621665
11.74311979369169
11.758245760761715
11.77337172783174
11.788497694901766
11.803623661971791
11.818749629041816
11.833875596111842
11.849001563181867
11.864127530251892
11.879253497321917
11.894379464391942
11.909505431461968
11.924631398531993
11.939757365602018
11.954883332672043
11.970009299742069
11.985135266812094
12.000261233882119
12.015387200952144
12.03051316802217
12.045639135092195
12.06076510216222
12.075891069232245
12.09101703630227
12.106143003372296
12.12126897044232
12.136394937512346
12.151520904582371
12.166646871652397
12.181772838722422
12.196898805792447
12.212024772862472
12.227150739932497
12.242276707002523
12.257402674072548
12.272528641142573
12.287654608212598
12.302780575282624
12.317906542352649
12.333032509422674
12.3481584764927
12.363284443562724
12.37841041063275
12.393536377702775
12.4086623447728
12.423788311842825
12.43891427891285
12.454040245982876
12.469166213052901
12.484292180122926
12.499418147192952
12.514544114262977
12.529670081333002
12.544796048403027
12.559922015473052
12.575047982543078
12.590173949613103
12.605299916683128
12.620425883753153
12.635551850823179
12.650677817893204
12.665803784963229
12.680929752033254
12.69605571910328
12.711181686173305
12.72630765324333
12.741433620313355
12.75655958738338
12.771685554453406
12.78681152152343
12.801937488593456
12.817063455663481
12.832189422733506
12.847315389803532
12.862441356873557
12.877567323943582
12.892693291013607
12.907819258083633
12.922945225153658
12.938071192223683
12.953197159293708
12.968323126363734
12.983449093433759
12.998575060503784
13.01370102757381
13.028826994643834
13.04395296171386
13.059078928783885
13.07420489585391
13.089330862923935
13.10445682999396
13.119582797063986
13.134708764134011
13.149834731204036
13.164960698274061
13.180086665344087
13.195212632414112
13.210338599484137
13.225464566554162
13.240590533624188
13.255716500694213
13.270842467764238
13.285968434834263
13.301094401904288
13.316220368974314
13.331346336044339
13.346472303114364
13.36159827018439
13.376724237254415
13.39185020432444
13.406976171394465
13.42210213846449
13.437228105534516
13.45235407260454
13.467480039674566
13.482606006744591
13.497731973814616
13.512857940884642
13.527983907954667
13.543109875024692
13.558235842094717
13.573361809164743
13.588487776234768
13.603613743304793
13.618739710374818
13.633865677444843
13.648991644514869
13.664117611584894
13.67924357865492
13.694369545724944
13.70949551279497
13.724621479864995
13.73974744693502
13.754873414005045
13.76999938107507
13.785125348145096
13.800251315215121
13.815377282285146
13.830503249355171
13.845629216425197
13.860755183495222
13.875881150565247
13.891007117635272
13.906133084705298
13.921259051775323
13.936385018845348
13.951510985915373
13.966636952985398
13.981762920055424
13.996888887125449
14.012014854195474
14.0271408212655
14.042266788335525
14.05739275540555
14.072518722475575
14.0876446895456
14.102770656615625
14.11789662368565
14.133022590755676
14.148148557825701
14.163274524895726
14.178400491965752
14.193526459035777
14.208652426105802
14.223778393175827
14.238904360245852
14.254030327315878
14.269156294385903
14.284282261455928
14.299408228525953
14.314534195595979
14.329660162666004
14.344786129736029
14.359912096806054
14.37503806387608
14.390164030946105
14.40528999801613
14.420415965086155
14.43554193215618
14.450667899226206
14.46579386629623
14.480919833366256
14.496045800436281
14.511171767506307
14.526297734576332
14.541423701646357
14.556549668716382
14.571675635786407
14.586801602856433
14.601927569926458
14.617053536996483
14.632179504066508
14.647305471136534
14.662431438206559
14.677557405276584
14.69268337234661
14.707809339416634
14.72293530648666
14.738061273556685
14.75318724062671
14.768313207696735
14.78343917476676
14.798565141836786
14.813691108906811
14.828817075976836
14.843943043046862
14.859069010116887
14.874194977186912
14.889320944256937
14.904446911326962
