7.9954522316830445
10.528707471642363
13.450446657520137
15.004560065209223
18.77116524175218
21.9193310807625
30.02398690876605
32.57123223824514
37.7693726654027
40.9133845645707
45.60320726770399
50.618623584100604
57.542611703258295
58.22524013914189
63.20609891197304
69.41287994783826
72.03111069256951
79.6767693578985
89.02743830785175
96.28303199766103
99.69816145566567
102.47962515312548
105.02995955768205
108.43902166070957
113.08892028876645
117.29050117823533
127.46695033048003
131.16975507112133
137.8089767207242
142.56244158093364
143.97462988311244
150.43663728373508
158.8226891216373
160.59628953528798
164.1907154881549
165.53766829308086
170.29453878601885
172.3666082188778
176.0063177437176
178.2596806226204
180.693305497221
180.98805584335707
185.38156299863553
190.88030657116508
192.9395140907993
195.48620016842827
198.84357807964543
205.65730565165904
209.8448164328686
210.59956197760664
212.0822828417313
217.99952090481915
221.89996665619705
225.19999223499767
235.9118327043668
238.32209826230536
240.22241142768308
241.2021775819872
245.55412159701868
251.86751221511997
254.1041942644696
257.010606784079
261.1182061036056
265.31518195857956
266.17978707743697
267.6194209279559
270.9453637851038
273.5083604956996
277.46920017092395
286.9278152798618
288.9905796764356
293.8680296166127
294.98344512099646
298.86559559880124
301.3558491198552
302.4405488594988
304.19836096030673
305.69603038017226
306.83331825958516
307.29693276732996
308.99227485369727
309.1501386369344
310.59669454808807
312.4164613778272
313.38211345753155
317.2582106495882
318.10148505873036
321.3821408265981
326.1802121771381
328.8596968273343
333.17705603966914
339.5093117351154
343.9236202453706
346.3695345914437
351.89348670491296
356.9761715221432
361.3537276891195
374.74824564432566
389.89130847510734
416.6145654642994
439.0914020520878
452.5292743362495
458.1923825551099
465.09555788804226
481.95717703292985
483.97366070093017
524.1571257545411
526.2309300991926
551.0687011316484
566.5654749297149
568.3631706565662
577.3317193487125
599.3488007941177
619.919244550976
668.53869049799
681.0334249860467
695.7693595045939
747.3685353611652
769.0435745060313
803.4197129509555
821.293815362703
892.521546703422
908.9815772949672
963.0088373879202
978.6718320912098
1018.0480865660666
1035.3119994843973
1077.2814748909839
1098.2709178727011
1126.0947631709873
1145.226969526611
1180.2459860178947
1199.5400324683437
1238.0369133638326
1255.4156904791344
1270.6280750237981
1289.3038845573801
1295.6011103981073
1314.2665602311185
1326.7378453780602
1347.476807965084
1364.2074500676574
1381.6742429060562
1404.225506454956
1436.8596487152972
1441.2791496359794
1449.357797301664
1475.0624265489535
1507.9521356791422
1525.4100058290535
1626.3216955068904
1669.4361172877886
1759.7889077918267
1888.958146763784
1905.6435009790303
1931.0549234628677
1939.7354095799758
1965.2723464955966
1982.3141659849668
1986.257411545058
1992.6505820679217
2037.0448117532228
2050.187859385553
2106.5544710598333
2111.5608113816115
2130.307345279913
2146.3976208336253
2155.816313265526
2159.0386532907196
2198.2341508206623
2210.9453438146597
2228.824704016212
2244.1055768335054
2253.6390686197014
